
r1 =

  167   99  238   31   37  211   10  205
  140    6   11  232   65  201   97  137
  111   79  203  244  183  244   50   32
  220  168  136  224  240  215   50  198
   38  137  123  137  119   60  210  176
  117  209   78   98   29  170  150   57
  145  107  187  106  234   42  148   83
   28  142  198   91  168   71    7  133


r2 =

  173  145  116   13  154   33  156   78
  135  116  198  167   27   49   88  226
   63   36  234   36  186  114  133  129
   35  176   83  175  155  157  120   71
   60   15  184  162  178  190  191  252
  143  216  152  215  128  113  172   34
   15  167   53   45  231  205  226  105
  161  106  226  189  171  214  121    9


r3 =

   56   50  167   69   19  154  126  255
  215    5   94   64   69   25  190  224
  218   82   87   19  106  184  241  156
   88   23  215  142   99   15  164   76
   72  169  184  152   11  201   33   88
  108   57  188   52  167  107  160   13
  138  161  127  206   91    6  183  163
  112  179   34  201   10  176   68    7


r4 =

   90   66   85  189  136   95   74   62
  131   17   95   31  167  194   65  119
  148  215  192   91  124  203    0  172
    1   36  226   64  177  150  101  134
  206  176  243  171  209    2   70  223
  168  210  149   35  197   94   29  127
  205  217   13  170  236  150  102   33
    2  153  254  132  119  160    9  135
